255 255 255 255 255 255 255 255 255 255 255 255 255 255 255 255
255 255 255 255 255 255 255 255 255 255 255 255 255 255 255 255
255 255   0   0   0   0   0   0   0   0   0   0   0   0 255 255
255 255   0   0   0   0   0   0   0   0   0   0   0   0 255 255
255 255   0   0   0   0   0   0   0   0   0   0   0   0 255 255
255 255   0   0   0 255 255 255 255 255 255   0   0   0 255 255
255 255   0   0   0 255 255 255 255 255 255   0   0   0 255 255
255 255   0   0   0 255 250  87  80  31 255   0   0   0 255 255
255 255   0   0   0 153 125  51 145 101  29   0   0   0 255 255
255 255   0   0   0 173  99  68 166  69 102   0   0   0 255 255
255 255   0   0   0 255 255 255 255 255 255   0   0   0 255 255
255 255   0   0   0   0   0   0   0   0   0   0   0   0 255 255
255 255   0   0   0   0   0   0   0   0   0   0   0   0 255 255
255 255   0   0   0   0   0   0   0   0   0   0   0   0 255 255
255 255 255 255 255 255 255 255 255 255 255 255 255 255 255 255
255 255 255 255 255 255 255 255 255 255 255 255 255 255 255 255
255 255 255 255 255 255 255 255 255 255 255 255 255 255 255 255
255 255 255 255 255 255 255 255 255 255 255 255 255 255 255 255
255 255   0   0   0   0   0   0   0   0   0   0   0   0 255 255
255 255   0   0   0   0   0   0   0   0   0   0   0   0 255 255
255 255   0   0   0   0   0   0   0   0   0   0   0   0 255 255
255 255   0   0   0 255 255 255 255 255 255   0   0   0 255 255
255 255   0   0   0 255 255 255 255 255 255   0   0   0 255 255
255 255   0   0   0 255 252 144 135  70 255   0   0   0 255 255
255 255   0   0   0 188 156 116 158 147 116   0   0   0 255 255
255 255   0   0   0 195 144 123 180 114 134   0   0   0 255 255
255 255   0   0   0 255 255 255 255 255 255   0   0   0 255 255
255 255   0   0   0   0   0   0   0   0   0   0   0   0 255 255
255 255   0   0   0   0   0   0   0   0   0   0   0   0 255 255
255 255   0   0   0   0   0   0   0   0   0   0   0   0 255 255
255 255 255 255 255 255 255 255 255 255 255 255 255 255 255 255
255 255 255 255 255 255 255 255 255 255 255 255 255 255 255 255
255 255 255 255 255 255 255 255 255 255 255 255 255 255 255 255
255 255 255 255 255 255 255 255 255 255 255 255 255 255 255 255
255 255   0   0   0   0   0   0   0   0   0   0   0   0 255 255
255 255   0   0   0   0   0   0   0   0   0   0   0   0 255 255
255 255   0   0   0   0   0   0   0   0   0   0   0   0 255 255
255 255   0   0   0 255 255 255 255 255 255   0   0   0 255 255
255 255   0   0   0 255 255 255 255 255 255   0   0   0 255 255
255 255   0   0   0 255 254 201 122 143 255   0   0   0 255 255
255 255   0   0   0 199 185 176 162 186 200   0   0   0 255 255
255 255   0   0   0 200 185 170 183 160 176   0   0   0 255 255
255 255   0   0   0 255 255 255 255 255 255   0   0   0 255 255
255 255   0   0   0   0   0   0   0   0   0   0   0   0 255 255
255 255   0   0   0   0   0   0   0   0   0   0   0   0 255 255
255 255   0   0   0   0   0   0   0   0   0   0   0   0 255 255
255 255 255 255 255 255 255 255 255 255 255 255 255 255 255 255
255 255 255 255 255 255 255 255 255 255 255 255 255 255 255 255

255 255 255 255 255 255 255 255 255 255 255 255 255 255 255 255
255 255 255 255 255 255 255 255 255 255 255 255 255 255 255 255
255 255   0   0   0   0   0   0   0   0   0   0   0   0 255 255
255 255   0   0   0   0   0   0   0   0   0   0   0   0 255 255
255 255   0   0   0   0   0   0   0   0   0   0   0   0 255 255
255 255   0   0   0 255 255 255  29 102 255   0   0   0 255 255
255 255   0   0   0 255 255  31 101  69 255   0   0   0 255 255
255 255   0   0   0 255 255  80 145 166 255   0   0   0 255 255
255 255   0   0   0 255 255  87  51  68 255   0   0   0 255 255
255 255   0   0   0 255 255 250 125  99 255   0   0   0 255 255
255 255   0   0   0 255 255 255 153 173 255   0   0   0 255 255
255 255   0   0   0   0   0   0   0   0   0   0   0   0 255 255
255 255   0   0   0   0   0   0   0   0   0   0   0   0 255 255
255 255   0   0   0   0   0   0   0   0   0   0   0   0 255 255
255 255 255 255 255 255 255 255 255 255 255 255 255 255 255 255
255 255 255 255 255 255 255 255 255 255 255 255 255 255 255 255
255 255 255 255 255 255 255 255 255 255 255 255 255 255 255 255
255 255 255 255 255 255 255 255 255 255 255 255 255 255 255 255
255 255   0   0   0   0   0   0   0   0   0   0   0   0 255 255
255 255   0   0   0   0   0   0   0   0   0   0   0   0 255 255
255 255   0   0   0   0   0   0   0   0   0   0   0   0 255 255
255 255   0   0   0 255 255 255 116 134 255   0   0   0 255 255
255 255   0   0   0 255 255  70 147 114 255   0   0   0 255 255
255 255   0   0   0 255 255 135 158 180 255   0   0   0 255 255
255 255   0   0   0 255 255 144 116 123 255   0   0   0 255 255
255 255   0   0   0 255 255 252 156 144 255   0   0   0 255 255
255 255   0   0   0 255 255 255 188 195 255   0   0   0 255 255
255 255   0   0   0   0   0   0   0   0   0   0   0   0 255 255
255 255   0   0   0   0   0   0   0   0   0   0   0   0 255 255
255 255   0   0   0   0   0   0   0   0   0   0   0   0 255 255
255 255 255 255 255 255 255 255 255 255 255 255 255 255 255 255
255 255 255 255 255 255 255 255 255 255 255 255 255 255 255 255
255 255 255 255 255 255 255 255 255 255 255 255 255 255 255 255
255 255 255 255 255 255 255 255 255 255 255 255 255 255 255 255
255 255   0   0   0   0   0   0   0   0   0   0   0   0 255 255
255 255   0   0   0   0   0   0   0   0   0   0   0   0 255 255
255 255   0   0   0   0   0   0   0   0   0   0   0   0 255 255
255 255   0   0   0 255 255 255 200 176 255   0   0   0 255 255
255 255   0   0   0 255 255 143 186 160 255   0   0   0 255 255
255 255   0   0   0 255 255 122 162 183 255   0   0   0 255 255
255 255   0   0   0 255 255 201 176 170 255   0   0   0 255 255
255 255   0   0   0 255 255 254 185 185 255   0   0   0 255 255
255 255   0   0   0 255 255 255 199 200 255   0   0   0 255 255
255 255   0   0   0   0   0   0   0   0   0   0   0   0 255 255
255 255   0   0   0   0   0   0   0   0   0   0   0   0 255 255
255 255   0   0   0   0   0   0   0   0   0   0   0   0 255 255
255 255 255 255 255 255 255 255 255 255 255 255 255 255 255 255
255 255 255 255 255 255 255 255 255 255 255 255 255 255 255 255

255 255 255 255 255 255 255 255 255 255 255 255 255 255 255 255
255 214 153 153 153 153 153 153 153 153 153 153 153 153 214 255
255 153   0   0   0   0   0   0   0   0   0   0   0   0 153 255
255 153   0   0   0   0   0   0   0   0   0   0   0   0 153 255
255 153   0   0  11  52  52  52  52  52  52  11   0   0 153 255
255 153   0   0  52 235 241 245 252 255 255  52   0   0 153 255
255 153   0   0  52 130 123 131 122 147 163  52   0   0 153 255
255 153   0   0  52  96 101 124 106 146 179  52   0   0 153 255
255 153   0   0  52 200 142 125  88 205 253  52   0   0 153 255
255 153   0   0  52 255 255 249 209 255 255  52   0   0 153 255
255 153   0   0  52 255 255 255 255 255 255  52   0   0 153 255
255 153   0   0  11  52  52  52  52  52  52  11   0   0 153 255
255 153   0   0   0   0   0   0   0   0   0   0   0   0 153 255
255 153   0   0   0   0   0   0   0   0   0   0   0   0 153 255
255 214 153 153 153 153 153 153 153 153 153 153 153 153 214 255
255 255 255 255 255 255 255 255 255 255 255 255 255 255 255 255
255 255 255 255 255 255 255 255 255 255 255 255 255 255 255 255
255 214 153 153 153 153 153 153 153 153 153 153 153 153 214 255
255 153   0   0   0   0   0   0   0   0   0   0   0   0 153 255
255 153   0   0   0   0   0   0   0   0   0   0   0   0 153 255
255 153   0   0  11  52  52  52  52  52  52  11   0   0 153 255
255 153   0   0  52 240 245 247 252 255 255  52   0   0 153 255
255 153   0   0  52 164 160 170 160 175 189  52   0   0 153 255
255 153   0   0  52 153 153 167 154 175 202  52   0   0 153 255
255 153   0   0  52 213 172 163 141 219 254  52   0   0 153 255
255 153   0   0  52 255 255 251 224 255 255  52   0   0 153 255
255 153   0   0  52 255 255 255 255 255 255  52   0   0 153 255
255 153   0   0  11  52  52  52  52  52  52  11   0   0 153 255
255 153   0   0   0   0   0   0   0   0   0   0   0   0 153 255
255 153   0   0   0   0   0   0   0   0   0   0   0   0 153 255
255 214 153 153 153 153 153 153 153 153 153 153 153 153 214 255
255 255 255 255 255 255 255 255 255 255 255 255 255 255 255 255
255 255 255 255 255 255 255 255 255 255 255 255 255 255 255 255
255 214 153 153 153 153 153 153 153 153 153 153 153 153 214 255
255 153   0   0   0   0   0   0   0   0   0   0   0   0 153 255
255 153   0   0   0   0   0   0   0   0   0   0   0   0 153 255
255 153   0   0  11  52  52  52  52  52  52  11   0   0 153 255
255 153   0   0  52 244 248 249 253 255 255  52   0   0 153 255
255 153   0   0  52 197 189 194 187 196 201  52   0   0 153 255
255 153   0   0  52 208 195 198 192 193 211  52   0   0 153 255
255 153   0   0  52 226 202 190 192 228 254  52   0   0 153 255
255 153   0   0  52 255 255 253 237 255 255  52   0   0 153 255
255 153   0   0  52 255 255 255 255 255 255  52   0   0 153 255
255 153   0   0  11  52  52  52  52  52  52  11   0   0 153 255
255 153   0   0   0   0   0   0   0   0   0   0   0   0 153 255
255 153   0   0   0   0   0   0   0   0   0   0   0   0 153 255
255 214 153 153 153 153 153 153 153 153 153 153 153 153 214 255
255 255 255 255 255 255 255 255 255 255 255 255 255 255 255 255

255 255 255 255 255 255 255 255 255 255 255 255 255 255 255 255
255 214 153 153 153 153 153 153 153 153 153 153 153 153 214 255
255 153   0   0   0   0   0   0   0   0   0   0   0   0 153 255
255 153   0   0   0   0   0   0   0   0   0   0   0   0 153 255
255 153   0   0  11  52  52  52  52  52  52  11   0   0 153 255
255 153   0   0  52 255 163 179 253 255 255  52   0   0 153 255
255 153   0   0  52 255 147 146 205 255 255  52   0   0 153 255
255 153   0   0  52 252 122 106  88 209 255  52   0   0 153 255
255 153   0   0  52 245 131 124 125 249 255  52   0   0 153 255
255 153   0   0  52 241 123 101 142 255 255  52   0   0 153 255
255 153   0   0  52 235 130  96 200 255 255  52   0   0 153 255
255 153   0   0  11  52  52  52  52  52  52  11   0   0 153 255
255 153   0   0   0   0   0   0   0   0   0   0   0   0 153 255
255 153   0   0   0   0   0   0   0   0   0   0   0   0 153 255
255 214 153 153 153 153 153 153 153 153 153 153 153 153 214 255
255 255 255 255 255 255 255 255 255 255 255 255 255 255 255 255
255 255 255 255 255 255 255 255 255 255 255 255 255 255 255 255
255 214 153 153 153 153 153 153 153 153 153 153 153 153 214 255
255 153   0   0   0   0   0   0   0   0   0   0   0   0 153 255
255 153   0   0   0   0   0   0   0   0   0   0   0   0 153 255
255 153   0   0  11  52  52  52  52  52  52  11   0   0 153 255
255 153   0   0  52 255 189 202 254 255 255  52   0   0 153 255
255 153   0   0  52 255 175 175 219 255 255  52   0   0 153 255
255 153   0   0  52 252 160 154 141 224 255  52   0   0 153 255
255 153   0   0  52 247 170 167 163 251 255  52   0   0 153 255
255 153   0   0  52 245 160 153 172 255 255  52   0   0 153 255
255 153   0   0  52 240 164 153 213 255 255  52   0   0 153 255
255 153   0   0  11  52  52  52  52  52  52  11   0   0 153 255
255 153   0   0   0   0   0   0   0   0   0   0   0   0 153 255
255 153   0   0   0   0   0   0   0   0   0   0   0   0 153 255
255 214 153 153 153 153 153 153 153 153 153 153 153 153 214 255
255 255 255 255 255 255 255 255 255 255 255 255 255 255 255 255
255 255 255 255 255 255 255 255 255 255 255 255 255 255 255 255
255 214 153 153 153 153 153 153 153 153 153 153 153 153 214 255
255 153   0   0   0   0   0   0   0   0   0   0   0   0 153 255
255 153   0   0   0   0   0   0   0   0   0   0   0   0 153 255
255 153   0   0  11  52  52  52  52  52  52  11   0   0 153 255
255 153   0   0  52 255 201 211 254 255 255  52   0   0 153 255
255 153   0   0  52 255 196 193 228 255 255  52   0   0 153 255
255 153   0   0  52 253 187 192 192 237 255  52   0   0 153 255
255 153   0   0  52 249 194 198 190 253 255  52   0   0 153 255
255 153   0   0  52 248 189 195 202 255 255  52   0   0 153 255
255 153   0   0  52 244 197 208 226 255 255  52   0   0 153 255
255 153   0   0  11  52  52  52  52  52  52  11   0   0 153 255
255 153   0   0   0   0   0   0   0   0   0   0   0   0 153 255
255 153   0   0   0   0   0   0   0   0   0   0   0   0 153 255
255 214 153 153 153 153 153 153 153 153 153 153 153 153 214 255
255 255 255 255 255 255 255 255 255 255 255 255 255 255 255 255
